Derivada: 0.8687524003908038 segundos
Sobel: 0.01341089978814125 segundos
Canny: 0.008863300085067749 segundos